11111111111 12312345678 22222222222 14141414141 12312341234 33445566778 12312312312 
11111111111 13236962566 22222222222 12312341234 12212221222 12312312312 12512512512 14141414141 43214321432 33333333333 33445566778 12222222222 44444444444 
11111111111 12312345678 13236962566 12312341234 12212221222 12312312312 12512512512 14141414141 43214321432 33333333333 33445566778 12222222222 44444444444 
13236962566 12312345678 22222222222 14141414141 12312312312 33333333333 
12312345678 22222222222 13236962566 
12312345678 22222222222 
12312345678 22222222222 13236962566 11111111111 33333333333 
12312345678 22222222222 33333333333 
12312345678 22222222222 11111111111 13236962566 
12312345678 22222222222 33333333333 
12312345678 22222222222 12512512512 11111111111 12312312312 43214321432 
12312345678 22222222222 13236962566 
12312345678 22222222222 
12312345678 22222222222 
